#==============
# 11 Mar. 2024
#==============

# Aim:
  # Want to know how to construct the H_adj for UniCAR in 2D space

  # in particular, want to know if there's any difference btw 
    # dist() result and that of abs(displacement)


#===========
# 2D coords
#===========
ds <- 0.1
s <- seq(-1 + ds/2, 1 - ds/2, by = ds)
crds <- cbind(s, s)
head(crds)


#===================
# Euclidean distance
#===================
Eucld_dist <- dist(crds, diag = T, upper = T)
# computes and returns the distance matrix computed by using the specified distance measure to compute the distances between the rows of a data matri


#=================================
# magnitude of displacement in 2D
#=================================

source("050_2D_coords_displacement.R")

magnitude_dsp <- sqrt(DSP[, , 1]^2 + DSP[, , 2]^2)


# > dist(crds, diag = T, upper = T)
#        1         2         3         4         5         6         7
#1  0.0000000 0.1414214 0.2828427 0.4242641 0.5656854 0.7071068 0.8485281
#2  0.1414214 0.0000000 0.1414214 0.2828427 0.4242641 0.5656854 0.7071068
#3  0.2828427 0.1414214 0.0000000 0.1414214 0.2828427 0.4242641 0.5656854
#4  0.4242641 0.2828427 0.1414214 0.0000000 0.1414214 0.2828427 0.4242641
#5  0.5656854 0.4242641 0.2828427 0.1414214 0.0000000 0.1414214 0.2828427
#6  0.7071068 0.5656854 0.4242641 0.2828427 0.1414214 0.0000000 0.1414214
#7  0.8485281 0.7071068 0.5656854 0.4242641 0.2828427 0.1414214 0.0000000


# > sqrt(DSP[, , 1]^2 + DSP[, , 2]^2)
#       [,1]      [,2]      [,3]      [,4]      [,5]      [,6]      [,7]
#[1,] 0.0000000 0.1414214 0.2828427 0.4242641 0.5656854 0.7071068 0.8485281
#[2,] 0.1414214 0.0000000 0.1414214 0.2828427 0.4242641 0.5656854 0.7071068
#[3,] 0.2828427 0.1414214 0.0000000 0.1414214 0.2828427 0.4242641 0.5656854
#[4,] 0.4242641 0.2828427 0.1414214 0.0000000 0.1414214 0.2828427 0.4242641
#[5,] 0.5656854 0.4242641 0.2828427 0.1414214 0.0000000 0.1414214 0.2828427
#[6,] 0.7071068 0.5656854 0.4242641 0.2828427 0.1414214 0.0000000 0.1414214
#[7,] 0.8485281 0.7071068 0.5656854 0.4242641 0.2828427 0.1414214 0.0000000



